Seed code: R_3(1,3)
Seed parameters: [27, 4, 18]
Hull dimension: 4
Self-orthogonal: true
Shortest LCD embedding length: 31
Hyperplanes checked: 40
Equivalence classes found: 4
Best minimum distance: 19

CLASS 1
Representative normal: [1, 0, 0, 0]
Zeros in normal: 3
Parameters: [31, 4, 19]
LCD: true
Punctures to seed: true
Hyperplanes in this class: 4
Member normals: [1, 0, 0, 0], [0, 1, 0, 0], [0, 0, 1, 0], [0, 0, 0, 1]
Generator matrix:
[1, 1, 1, 1, 1, 1, 1, 1, 1, 1, 1, 1, 1, 1, 1, 1, 1, 1, 1, 1, 1, 1, 1, 1, 1, 1, 1, 1, 0, 0, 0]
[0, 0, 0, 0, 0, 0, 0, 0, 0, 1, 1, 1, 1, 1, 1, 1, 1, 1, 2, 2, 2, 2, 2, 2, 2, 2, 2, 0, 1, 0, 0]
[0, 0, 0, 1, 1, 1, 2, 2, 2, 0, 0, 0, 1, 1, 1, 2, 2, 2, 0, 0, 0, 1, 1, 1, 2, 2, 2, 0, 0, 1, 0]
[0, 1, 2, 0, 1, 2, 0, 1, 2, 0, 1, 2, 0, 1, 2, 0, 1, 2, 0, 1, 2, 0, 1, 2, 0, 1, 2, 0, 0, 0, 1]

CLASS 2
Representative normal: [1, 1, 0, 0]
Zeros in normal: 2
Parameters: [31, 4, 19]
LCD: true
Punctures to seed: true
Hyperplanes in this class: 12
Member normals: [1, 1, 0, 0], [1, 2, 0, 0], [1, 0, 1, 0], [1, 0, 2, 0], [0, 1, 1, 0], [0, 1, 2, 0], [1, 0, 0, 1], [1, 0, 0, 2], [0, 1, 0, 1], [0, 1, 0, 2], [0, 0, 1, 1], [0, 0, 1, 2]
Generator matrix:
[1, 1, 1, 1, 1, 1, 1, 1, 1, 1, 1, 1, 1, 1, 1, 1, 1, 1, 1, 1, 1, 1, 1, 1, 1, 1, 1, 1, 1, 0, 0]
[0, 0, 0, 0, 0, 0, 0, 0, 0, 1, 1, 1, 1, 1, 1, 1, 1, 1, 2, 2, 2, 2, 2, 2, 2, 2, 2, 0, 1, 0, 0]
[0, 0, 0, 1, 1, 1, 2, 2, 2, 0, 0, 0, 1, 1, 1, 2, 2, 2, 0, 0, 0, 1, 1, 1, 2, 2, 2, 0, 0, 1, 0]
[0, 1, 2, 0, 1, 2, 0, 1, 2, 0, 1, 2, 0, 1, 2, 0, 1, 2, 0, 1, 2, 0, 1, 2, 0, 1, 2, 0, 0, 0, 1]

CLASS 3
Representative normal: [1, 1, 1, 0]
Zeros in normal: 1
Parameters: [31, 4, 19]
LCD: true
Punctures to seed: true
Hyperplanes in this class: 16
Member normals: [1, 1, 1, 0], [1, 2, 2, 0], [1, 2, 1, 0], [1, 1, 2, 0], [1, 1, 0, 1], [1, 2, 0, 2], [1, 2, 0, 1], [1, 1, 0, 2], [1, 0, 1, 1], [1, 0, 2, 2], [0, 1, 1, 1], [0, 1, 2, 2], [1, 0, 2, 1], [1, 0, 1, 2], [0, 1, 2, 1], [0, 1, 1, 2]
Generator matrix:
[1, 1, 1, 1, 1, 1, 1, 1, 1, 1, 1, 1, 1, 1, 1, 1, 1, 1, 1, 1, 1, 1, 1, 1, 1, 1, 1, 1, 1, 1, 0]
[0, 0, 0, 0, 0, 0, 0, 0, 0, 1, 1, 1, 1, 1, 1, 1, 1, 1, 2, 2, 2, 2, 2, 2, 2, 2, 2, 0, 1, 0, 0]
[0, 0, 0, 1, 1, 1, 2, 2, 2, 0, 0, 0, 1, 1, 1, 2, 2, 2, 0, 0, 0, 1, 1, 1, 2, 2, 2, 0, 0, 1, 0]
[0, 1, 2, 0, 1, 2, 0, 1, 2, 0, 1, 2, 0, 1, 2, 0, 1, 2, 0, 1, 2, 0, 1, 2, 0, 1, 2, 0, 0, 0, 1]

CLASS 4
Representative normal: [1, 1, 1, 1]
Zeros in normal: 0
Parameters: [31, 4, 19]
LCD: true
Punctures to seed: true
Hyperplanes in this class: 8
Member normals: [1, 1, 1, 1], [1, 2, 2, 2], [1, 2, 1, 1], [1, 1, 2, 2], [1, 1, 2, 1], [1, 2, 1, 2], [1, 2, 2, 1], [1, 1, 1, 2]
Generator matrix:
[1, 1, 1, 1, 1, 1, 1, 1, 1, 1, 1, 1, 1, 1, 1, 1, 1, 1, 1, 1, 1, 1, 1, 1, 1, 1, 1, 1, 1, 1, 1]
[0, 0, 0, 0, 0, 0, 0, 0, 0, 1, 1, 1, 1, 1, 1, 1, 1, 1, 2, 2, 2, 2, 2, 2, 2, 2, 2, 0, 1, 0, 0]
[0, 0, 0, 1, 1, 1, 2, 2, 2, 0, 0, 0, 1, 1, 1, 2, 2, 2, 0, 0, 0, 1, 1, 1, 2, 2, 2, 0, 0, 1, 0]
[0, 1, 2, 0, 1, 2, 0, 1, 2, 0, 1, 2, 0, 1, 2, 0, 1, 2, 0, 1, 2, 0, 1, 2, 0, 1, 2, 0, 0, 0, 1]

